Network Type                         :  LAYER
Input layer                          :  64 neurons, 1 bias
  Hidden layer                       : 300 neurons, 1 bias
  Hidden layer                       :  40 neurons, 1 bias
  Hidden layer                       :  12 neurons, 1 bias
Output layer                         :   1 neurons
Total neurons and biases             : 421
Total connections                    :32045
Connection rate                      :   1.000
Network type                         :   FANN_NETTYPE_LAYER
Training algorithm                   :   FANN_TRAIN_QUICKPROP
Training error function              :   FANN_ERRORFUNC_TANH
Training stop function               :   FANN_STOPFUNC_MSE
Bit fail limit                       :   0.350
Learning rate                        :   0.700
Learning momentum                    :   0.000
Quickprop decay                      :  -0.000100
Quickprop mu                         :   1.750
RPROP increase factor                :   1.200
RPROP decrease factor                :   0.500
RPROP delta min                      :   0.000
RPROP delta max                      :  50.000
Cascade output change fraction       :   0.010000
Cascade candidate change fraction    :   0.010000
Cascade output stagnation epochs     :  12
Cascade candidate stagnation epochs  :  12
Cascade max output epochs            : 150
Cascade min output epochs            :  50
Cascade max candidate epochs         : 150
Cascade min candidate epochs         :  50
Cascade weight multiplier            :   0.400
Cascade candidate limit              :1000.000
Cascade activation functions[0]      :   FANN_SIGMOID
Cascade activation functions[1]      :   FANN_SIGMOID_SYMMETRIC
Cascade activation functions[2]      :   FANN_GAUSSIAN
Cascade activation functions[3]      :   FANN_GAUSSIAN_SYMMETRIC
Cascade activation functions[4]      :   FANN_ELLIOT
Cascade activation functions[5]      :   FANN_ELLIOT_SYMMETRIC
Cascade activation functions[6]      :   FANN_SIN_SYMMETRIC
Cascade activation functions[7]      :   FANN_COS_SYMMETRIC
Cascade activation functions[8]      :   FANN_SIN
Cascade activation functions[9]      :   FANN_COS
Cascade activation steepnesses[0]    :   0.250
Cascade activation steepnesses[1]    :   0.500
Cascade activation steepnesses[2]    :   0.750
Cascade activation steepnesses[3]    :   1.000
Cascade candidate groups             :   2
Cascade no. of candidates            :  80

Training network.
Max Epochs    10000. Desired Error: 0.001
1 0.0253869
2 0.0376816
3 0.0577093
4 0.0122926
5 0.00884897
6 0.00583144
7 0.00534497
8 0.00490577
9 0.00445899
10 0.00435275
11 0.00410823
12 0.00394099
13 0.00380331
14 0.00371899
15 0.00374942
16 0.00353056
17 0.00342189
18 0.00344165
19 0.00337404
20 0.00329119
21 0.00324251
22 0.00331082
23 0.00324326
24 0.00312952
25 0.00309991
26 0.00305061
27 0.00308579
28 0.00405576
29 0.00302057
30 0.00294587
31 0.00293363
32 0.00291363
33 0.00295135
34 0.00299063
35 0.00287296
36 0.00286959
37 0.00289785
38 0.00290733
39 0.00285808
40 0.00283968
41 0.00288305
42 0.00288866
43 0.00280304
44 0.00279735
45 0.00279573
46 0.00281281
47 0.00283068
48 0.00283915
49 0.00277183
50 0.00277461
51 0.00283411
52 0.0027556
53 0.00274895
54 0.00274411
55 0.00274112
56 0.0027597
57 0.00282293
58 0.00273355
59 0.0027263
60 0.00273621
61 0.00274806
62 0.00272371
63 0.0027222
64 0.00276656
65 0.00270947
66 0.00270697
67 0.00270366
68 0.00270186
69 0.00271417
70 0.00272957
71 0.00269164
72 0.00268917
73 0.00268712
74 0.00269348
75 0.00272088
76 0.00271635
77 0.00272358
78 0.00269813
79 0.00271361
80 0.00271016
81 0.00272627
82 0.00268953
83 0.00269575
84 0.00276519
85 0.00268761
86 0.00266794
87 0.0026641
88 0.00266544
89 0.00270541
90 0.00266661
91 0.00265781
92 0.00268362
93 0.00265149
94 0.00264941
95 0.00265117
96 0.00267628
97 0.00268556
98 0.00265043
99 0.00265508
100 0.00266255
101 0.00270136
102 0.00268311
103 0.00265094
104 0.00266137
105 0.00270512
106 0.00269196
107 0.00263089
108 0.00263307
109 0.00266984
110 0.00262323
111 0.00262174
112 0.00262631
113 0.00265362
114 0.00265723
115 0.00263622
116 0.00263882
117 0.00265692
118 0.00266812
119 0.00263301
120 0.0026385
121 0.0026637
122 0.00268401
123 0.00262785
124 0.00261643
125 0.00262925
126 0.00265049
127 0.00261163
128 0.00261226
129 0.00262777
130 0.00265838
131 0.00260891
132 0.00260843
133 0.00263181
134 0.00261977
135 0.00261315
136 0.00266448
137 0.00261647
138 0.00260424
139 0.00263265
140 0.00261181
141 0.00259613
142 0.00259468
143 0.00259353
144 0.00259553
145 0.00262461
146 0.00260751
147 0.00258805
148 0.00258921
149 0.00261598
150 0.00258672
151 0.0025839
152 0.00258359
153 0.0025939
154 0.00258487
155 0.00259797
156 0.00261605
157 0.00258221
158 0.00259038
159 0.00260508
160 0.0025853
161 0.00261157
162 0.0025833
163 0.00258314
164 0.0026331
165 0.00258435
166 0.00256994
167 0.00256879
168 0.00256781
169 0.00256748
170 0.00257575
171 0.00258292
172 0.00263889
173 0.00260372
174 0.00257763
175 0.00257274
176 0.00260904
177 0.00262503
178 0.00256121
179 0.00255992
180 0.00256119
181 0.00258482
182 0.00257591
183 0.00255524
184 0.0025597
185 0.0025832
186 0.0026278
187 0.00255287
188 0.002551
189 0.00255362
190 0.00258988
191 0.00255869
192 0.0025461
193 0.00254563
194 0.00255232
195 0.0025813
196 0.00259038
197 0.00256726
198 0.00255114
199 0.00256877
200 0.00258024
201 0.00259345
202 0.00254914
203 0.00256012
204 0.00259359
205 0.00256943
206 0.0025431
207 0.00255447
208 0.00256172
209 0.00255165
210 0.00259997
211 0.00253784
212 0.00253701
213 0.00254614
214 0.00255351
215 0.00253526
216 0.00254947
217 0.00256056
218 0.00253459
219 0.00254737
220 0.00260472
221 0.00253966
222 0.00252317
223 0.00252194
224 0.00252221
225 0.0025387
226 0.00252559
227 0.00251729
228 0.00251614
229 0.00251539
230 0.0025189
231 0.00255913
232 0.00253332
233 0.00251064
234 0.00250999
235 0.00251799
236 0.00252404
237 0.00262249
238 0.00250752
239 0.00250472
240 0.0025034
241 0.00251146
242 0.00257616
243 0.00258035
244 0.0024998
245 0.00249838
246 0.00249712
247 0.00249598
248 0.00249621
249 0.00251114
250 0.0024961
251 0.00249481
252 0.00251343
253 0.00252207
254 0.0024925
255 0.00250056
256 0.00250793
257 0.00248704
258 0.00249278
259 0.00249996
260 0.0025163
261 0.00253878
262 0.00253564
263 0.00249715
264 0.0025134
265 0.00257771
266 0.00249708
267 0.0024818
268 0.00248123
269 0.00248902
270 0.00250279
271 0.00257014
272 0.00251401
273 0.00247675
274 0.00247699
275 0.00249506
276 0.0025046
277 0.00247338
278 0.00249046
279 0.00250301
280 0.00247616
281 0.0024909
282 0.00255386
283 0.00248325
284 0.00246329
285 0.00246227
286 0.00246212
287 0.00247133
288 0.00247247
289 0.00253225
290 0.0024884
291 0.00246353
292 0.00246078
293 0.00248132
294 0.00246541
295 0.00245838
296 0.00248038
297 0.00246571
298 0.00245265
299 0.00245161
300 0.00245204
301 0.00246889
302 0.00245296
303 0.00244826
304 0.0024493
305 0.00247447
306 0.00244614
307 0.00244467
308 0.00244413
309 0.00245076
310 0.00251006
311 0.00246023
312 0.0024472
313 0.00245234
314 0.00248542
315 0.00245637
316 0.00245525
317 0.00245336
318 0.00249091
319 0.00248385
320 0.00245607
321 0.00245484
322 0.00248871
323 0.00249199
324 0.00246143
325 0.00245434
326 0.0024868
327 0.00249486
328 0.00245529
329 0.00245185
330 0.0024825
331 0.00246813
332 0.00244761
333 0.0024475
334 0.00246517
335 0.00247177
336 0.00248258
337 0.00243562
338 0.00244218
339 0.00247814
340 0.0024354
341 0.00242815
342 0.00243995
343 0.00244484
344 0.00242748
345 0.00245622
346 0.0024374
347 0.00242271
348 0.00245251
349 0.00248006
350 0.00241164
351 0.00241021
352 0.00240899
353 0.00241032
354 0.00244013
355 0.00241844
356 0.00240252
357 0.00240297
358 0.00242383
359 0.00240091
360 0.00239862
361 0.0024007
362 0.0024377
363 0.00240756
364 0.00239247
365 0.00239175
366 0.00239701
367 0.0024453
368 0.00244633
369 0.00238618
370 0.00238502
371 0.00238388
372 0.00238287
373 0.00238293
374 0.00239768
375 0.00238324
376 0.00238193
377 0.00239723
378 0.0024189
379 0.00237656
380 0.00237554
381 0.00237652
382 0.00239948
383 0.00238277
384 0.00237037
385 0.00237079
386 0.00238961
387 0.00236892
388 0.00236678
389 0.00236866
390 0.00240135
391 0.00237517
392 0.00236187
393 0.00236514
394 0.00242216
395 0.00236022
396 0.00235794
397 0.00235716
398 0.002362
399 0.00241708
400 0.00238098
401 0.00235256
402 0.00235211
403 0.00236362
404 0.00235459
405 0.00235701
406 0.00239749
407 0.00235884
408 0.00234712
409 0.00236111
410 0.0023488
411 0.00234319
412 0.00235431
413 0.00235285
414 0.002343
415 0.00236099
416 0.00236238
417 0.00233698
418 0.00233601
419 0.00233675
420 0.00236055
421 0.00233491
422 0.00233223
423 0.00233234
424 0.0023489
425 0.00233298
426 0.00233015
427 0.00233842
428 0.00234093
429 0.00234946
430 0.00240159
431 0.00235283
432 0.0023338
433 0.00233971
434 0.00239506
435 0.00232459
436 0.00232313
437 0.00232199
438 0.00232812
439 0.00236867
440 0.00233195
441 0.00233628
442 0.00238376
443 0.00234482
444 0.00231709
445 0.00231538
446 0.0023137
447 0.00231294
448 0.00232231
449 0.00232412
450 0.00234005
451 0.00239475
452 0.00234283
453 0.00231686
454 0.00233184
455 0.00238274
456 0.00232353
457 0.00231111
458 0.00232121
459 0.00237433
460 0.00230209
461 0.00229983
462 0.00229781
463 0.00229726
464 0.00231265
465 0.00230086
466 0.00229783
467 0.00232448
468 0.00230771
469 0.00229299
470 0.00231191
471 0.00229965
472 0.002289
473 0.00230075
474 0.00230054
475 0.00228916
476 0.00230848
477 0.00231009
478 0.00228271
479 0.00228153
480 0.00228218
481 0.00230221
482 0.00229182
483 0.00227936
484 0.00229748
485 0.00229408
486 0.00227624
487 0.00228707
488 0.00229379
489 0.00227094
490 0.00226982
491 0.00226866
492 0.00226756
493 0.0022672
494 0.00227657
495 0.00228707
496 0.00232025
497 0.00234018
498 0.00228317
499 0.00228564
500 0.00231902
501 0.0023601
502 0.00229022
503 0.00228532
504 0.0023321
505 0.00235174
506 0.00229024
507 0.00227477
508 0.00229679
509 0.0023438
510 0.00226881
511 0.00226608
512 0.00226594
513 0.00227933
514 0.00230566
515 0.00226549
516 0.00229022
517 0.0022666
518 0.00227028
519 0.00235215
520 0.00226108
521 0.00225534
522 0.00226256
523 0.00228227
524 0.00230836
525 0.0023237
526 0.00228112
527 0.00229874
528 0.00234068
529 0.00225792
530 0.00225874
531 0.0023364
532 0.00225318
533 0.00224481
534 0.00224324
535 0.00224735
536 0.0022796
537 0.00235834
538 0.00224646
539 0.00223862
540 0.00224394
541 0.00227172
542 0.00229192
543 0.0023122
544 0.00224747
545 0.00226476
546 0.00228486
547 0.00231194
548 0.00224759
549 0.00225907
550 0.00232025
551 0.00227974
552 0.00223967
553 0.0022431
554 0.00228951
555 0.00223918
556 0.00223748
557 0.00226417
558 0.00231718
559 0.00222213
560 0.00222096
561 0.00222141
562 0.00224725
563 0.00222386
564 0.00221692
565 0.00221963
566 0.00224494
567 0.00230531
568 0.00221789
569 0.00221213
570 0.00222741
571 0.00223494
572 0.00221035
573 0.00222343
574 0.00226427
575 0.00220311
576 0.00220181
577 0.002201
578 0.00220955
579 0.00225833
580 0.00222689
581 0.00223334
582 0.00221825
583 0.00226735
584 0.00223231
585 0.00225329
586 0.00221717
587 0.00225387
588 0.00223954
589 0.00225004
590 0.00221811
591 0.00225524
592 0.00222849
593 0.00223174
594 0.00226728
595 0.00227952
596 0.002204
597 0.00220169
598 0.00221198
599 0.00222485
600 0.00219837
601 0.00221873
602 0.00223736
603 0.0021937
604 0.00219261
605 0.00220544
606 0.00221517
607 0.00219672
608 0.00226299
609 0.00218541
610 0.00218568
611 0.00223069
612 0.00218224
613 0.00217783
614 0.00218563
615 0.00223665
616 0.00224655
617 0.00220623
618 0.00218267
619 0.00220531
620 0.00221096
621 0.00221366
622 0.00223413
623 0.00225959
624 0.00220403
625 0.00220145
626 0.00228178
627 0.00221915
628 0.00219038
629 0.00220776
630 0.00232574
631 0.00216353
632 0.0021614
633 0.00216074
634 0.00218158
635 0.00216941
636 0.00216318
637 0.00221712
638 0.00215543
639 0.00215319
640 0.00216642
641 0.00217307
642 0.00217367
643 0.0022686
644 0.00215771
645 0.00214896
646 0.00216964
647 0.00216162
648 0.00214261
649 0.00214128
650 0.00214265
651 0.00217527
652 0.00215356
653 0.0021348
654 0.00214007
655 0.0021989
656 0.00221254
657 0.00213064
658 0.00212827
659 0.00213055
660 0.00218313
661 0.00212538
662 0.00212402
663 0.00212282
664 0.00212421
665 0.00215545
666 0.00214537
667 0.00211615
668 0.00211506
669 0.00211424
670 0.00211835
671 0.00216129
672 0.00218952
673 0.00211094
674 0.00210859
675 0.00210967
676 0.00214473
677 0.00212123
678 0.0021019
679 0.00210771
680 0.00218571
681 0.00213043
682 0.00209746
683 0.0020963
684 0.00209739
685 0.00213151
686 0.00209417
687 0.00209206
688 0.00209145
689 0.00210124
690 0.00215689
691 0.00219024
692 0.00213175
693 0.00209303
694 0.00210562
695 0.00215164
696 0.00209243
697 0.00209325
698 0.00214956
699 0.0020891
700 0.00208493
701 0.00210944
702 0.00208723
703 0.00208254
704 0.0021168
705 0.00208782
706 0.00208123
707 0.00212559
708 0.00208804
709 0.00207496
710 0.00209366
711 0.00207693
712 0.00207042
713 0.0020774
714 0.00213442
715 0.00213046
716 0.00209293
717 0.00207426
718 0.00209823
719 0.00214689
720 0.00207717
721 0.00206488
722 0.00207835
723 0.00210373
724 0.00206833
725 0.00211913
726 0.00210985
727 0.00208318
728 0.00205721
729 0.00207537
730 0.0020694
731 0.0020604
732 0.00214591
733 0.00206224
734 0.00205253
735 0.002122
736 0.00206466
737 0.00204389
738 0.00204275
739 0.00205082
740 0.00213182
741 0.00207233
742 0.00205156
743 0.00204627
744 0.00209973
745 0.00207677
746 0.00206389
747 0.00204028
748 0.00207458
749 0.00211535
750 0.00203071
751 0.00202932
752 0.00202835
753 0.00203439
754 0.00212127
755 0.00202497
756 0.00202351
757 0.00202257
758 0.00202797
759 0.00205344
760 0.0021972
761 0.00202097
762 0.00201647
763 0.00201564
764 0.00204207
765 0.00202889
766 0.00201544
767 0.00206314
768 0.00201333
769 0.00201042
770 0.00205466
771 0.00201764
772 0.00200323
773 0.00200222
774 0.00200693
775 0.00207792
776 0.00203036
777 0.00199746
778 0.00199777
779 0.00202595
780 0.0020013
781 0.00199281
782 0.00199179
783 0.00199439
784 0.0020397
785 0.00201648
786 0.00198642
787 0.00198873
788 0.00204189
789 0.00198502
790 0.00198167
791 0.00198106
792 0.00198817
793 0.00203891
794 0.00216775
795 0.00197531
796 0.00197393
797 0.00197327
798 0.00198133
799 0.00201731
800 0.00221108
801 0.0019675
802 0.00196613
803 0.00196573
804 0.00197712
805 0.00198755
806 0.00205448
807 0.00211265
808 0.00197507
809 0.00196683
810 0.00198302
811 0.00200397
812 0.00197769
813 0.0019984
814 0.00203501
815 0.00207808
816 0.00201087
817 0.0019746
818 0.00199886
819 0.00209024
820 0.0020315
821 0.00196478
822 0.00196841
823 0.00200699
824 0.00195753
825 0.00195676
826 0.001971
827 0.00197045
828 0.00196677
829 0.00205037
830 0.00197958
831 0.00196061
832 0.00197946
833 0.00209655
834 0.00194746
835 0.00194605
836 0.00194437
837 0.00194371
838 0.00195604
839 0.00198409
840 0.00199619
841 0.00210808
842 0.00195189
843 0.00194044
844 0.00194674
845 0.00197415
846 0.00194359
847 0.00196937
848 0.00209465
849 0.00193145
850 0.00192998
851 0.00192845
852 0.00192794
853 0.00194045
854 0.00195189
855 0.00202618
856 0.00208835
857 0.00193914
858 0.00193057
859 0.00194761
860 0.00196792
861 0.001942
862 0.00196224
863 0.00199872
864 0.00204081
865 0.00197503
866 0.00194063
867 0.00196275
868 0.00207083
869 0.00196624
870 0.00192985
871 0.00193049
872 0.00195898
873 0.00196736
874 0.00192342
875 0.00192166
876 0.00192214
877 0.00195465
878 0.00192067
879 0.00191714
880 0.00191569
881 0.00191889
882 0.00196636
883 0.00201049
884 0.00190729
885 0.00190609
886 0.00190497
887 0.001908
888 0.00195338
889 0.00196089
890 0.00189969
891 0.00189846
892 0.00190902
893 0.00193875
894 0.00199635
895 0.00206083
896 0.00191028
897 0.00191153
898 0.00195325
899 0.00201435
900 0.00190631
901 0.00190366
902 0.00197209
903 0.00190565
904 0.00189348
905 0.00189223
906 0.00189498
907 0.00194904
908 0.00191804
909 0.00188531
910 0.00188413
911 0.00188322
912 0.00188755
913 0.00194031
914 0.00196839
915 0.00187901
916 0.00187692
917 0.00188006
918 0.00192504
919 0.00195668
920 0.00186987
921 0.00186879
922 0.00186758
923 0.0018664
924 0.00186531
925 0.00186522
926 0.00188146
927 0.00187956
928 0.00187605
929 0.00196272
930 0.00188673
931 0.00187008
932 0.00189323
933 0.00202374
934 0.00185583
935 0.00185458
936 0.0018531
937 0.00185178
938 0.00185069
939 0.00185137
940 0.00187974
941 0.00185045
942 0.00184738
943 0.0018488
944 0.00188319
945 0.00186504
946 0.00184205
947 0.00184563
948 0.00190467
949 0.00186321
950 0.00183814
951 0.00183984
952 0.00187668
953 0.00185787
954 0.00183333
955 0.00183667
956 0.00190553
957 0.00183274
958 0.00183007
959 0.00182957
960 0.00184025
961 0.00188993
962 0.00184737
963 0.0018903
964 0.001879
965 0.00195977
966 0.00182571
967 0.00182426
968 0.00182277
969 0.00183062
970 0.0018902
971 0.00206356
972 0.00181601
973 0.00181472
974 0.00181451
975 0.00182984
976 0.00182745
977 0.00182434
978 0.00190643
979 0.00183657
980 0.00181841
981 0.0018235
982 0.0019191
983 0.00180647
984 0.00180503
985 0.00180342
986 0.00180209
987 0.00180096
988 0.00180013
989 0.00180356
990 0.00186227
991 0.00182407
992 0.00179548
993 0.0017966
994 0.00183595
995 0.00179599
996 0.00179204
997 0.00179404
998 0.00184499
999 0.00178965
1000 0.00178845
1001 0.00178749
1002 0.0017892
1003 0.00183346
1004 0.00178862
1005 0.00178388
1006 0.00178281
1007 0.00178348
1008 0.00181088
1009 0.00178265
1010 0.00177965
1011 0.00178089
1012 0.00181792
1013 0.00177843
1014 0.00177672
1015 0.00177786
1016 0.00181421
1017 0.00177436
1018 0.00177332
1019 0.00177313
1020 0.0017865
1021 0.00180297
1022 0.00189885
1023 0.00195841
1024 0.00178528
1025 0.00177266
1026 0.00177775
1027 0.00180838
1028 0.00194318
1029 0.0017694
1030 0.00176821
1031 0.00176785
1032 0.00178067
1033 0.00178567
1034 0.00187473
1035 0.00193292
1036 0.00177927
1037 0.0017694
1038 0.00178171
1039 0.00179431
1040 0.00177864
1041 0.00185862
1042 0.00177514
1043 0.00177427
1044 0.00183075
1045 0.00176913
1046 0.00176195
1047 0.00176081
1048 0.00176135
1049 0.00178988
1050 0.00176526
1051 0.00175693
1052 0.00175606
1053 0.00176125
1054 0.00182683
1055 0.0018655
1056 0.00175146
1057 0.00174909
1058 0.00175357
1059 0.00181125
1060 0.00185378
1061 0.0017434
1062 0.00174244
1063 0.00174175
1064 0.00174668
1065 0.00180841
1066 0.00183608
1067 0.00173628
1068 0.00173538
1069 0.00173466
1070 0.00173816
1071 0.00179726
1072 0.00175953
1073 0.00173214
1074 0.00174282
1075 0.00175517
1076 0.00175778
1077 0.00188505
1078 0.00173823
1079 0.00173081
1080 0.00177687
1081 0.00172964
1082 0.00172435
1083 0.00172339
1084 0.00172323
1085 0.00173608
1086 0.00173496
1087 0.00180592
1088 0.00185116
1089 0.00173067
1090 0.00172698
1091 0.00175561
1092 0.00178867
1093 0.00172565
1094 0.00172119
1095 0.00174709
1096 0.00172467
1097 0.00171923
1098 0.00174303
1099 0.00172297
1100 0.00171729
1101 0.00175107
1102 0.00172301
1103 0.00171223
1104 0.00171148
1105 0.00171708
1106 0.00178512
1107 0.00182549
1108 0.00170789
1109 0.00170543
1110 0.00171068
1111 0.00175754
1112 0.00188644
1113 0.00169989
1114 0.00169894
1115 0.00169811
1116 0.00170078
1117 0.00176149
1118 0.00169612
1119 0.00169502
1120 0.0016945
1121 0.00170133
1122 0.00180481
1123 0.00169192
1124 0.00169086
1125 0.00169125
1126 0.00171237
1127 0.00169046
1128 0.00168989
1129 0.00170131
1130 0.00171542
1131 0.00171224
1132 0.00181876
1133 0.00172188
1134 0.00172294
1135 0.00172052
1136 0.00183695
1137 0.00172296
1138 0.00170283
1139 0.00170539
1140 0.00177794
1141 0.00170947
1142 0.00168596
1143 0.00168396
1144 0.0016835
1145 0.00170468
1146 0.00168578
1147 0.00168401
1148 0.00172816
1149 0.00168675
1150 0.00167964
1151 0.00170152
1152 0.00169618
1153 0.00168121
1154 0.00173247
1155 0.00172232
1156 0.00167586
1157 0.00167411
1158 0.00167826
1159 0.00176013
1160 0.00170267
1161 0.00166878
1162 0.00166994
1163 0.00170684
1164 0.0016946
1165 0.00166653
1166 0.00167728
1167 0.00169166
1168 0.00167605
1169 0.00176479
1170 0.00167071
1171 0.00167304
1172 0.00179227
1173 0.00166994
1174 0.00165773
1175 0.00165679
1176 0.0016591
1177 0.0017152
1178 0.00165911
1179 0.00165389
1180 0.00165298
1181 0.00165476
1182 0.00170116
1183 0.00165449
1184 0.00165006
1185 0.00164917
1186 0.0016509
1187 0.00169614
1188 0.00165068
1189 0.00164635
1190 0.00164555
1191 0.00164738
1192 0.00169399
1193 0.00164717
1194 0.00164274
1195 0.00164189
1196 0.00164368
1197 0.00168941
1198 0.0016435
1199 0.00163916
1200 0.00163836
1201 0.0016402
1202 0.00168655
1203 0.00164001
1204 0.00163561
1205 0.00163479
1206 0.00163655
1207 0.00168162
1208 0.0016364
1209 0.0016321
1210 0.00163133
1211 0.00163313
1212 0.00167877
1213 0.00163298
1214 0.00162863
1215 0.00162783
1216 0.00162956
1217 0.00167378
1218 0.00162941
1219 0.00162521
1220 0.00162443
1221 0.00162621
1222 0.00167111
1223 0.00162606
1224 0.00162179
1225 0.001621
1226 0.00162269
1227 0.00166612
1228 0.00162256
1229 0.00161842
1230 0.00161767
1231 0.00161942
1232 0.00166374
1233 0.00161925
1234 0.00161506
1235 0.00161429
1236 0.00161596
1237 0.00165875
1238 0.00161583
1239 0.00161174
1240 0.00161099
1241 0.00161274
1242 0.00165668
1243 0.0016126
1244 0.00160844
1245 0.00160768
1246 0.00160933
1247 0.00165176
1248 0.00160921
1249 0.00160516
1250 0.00160444
1251 0.00160618
1252 0.0016499
1253 0.00160604
1254 0.0016019
1255 0.00160116
1256 0.00160281
1257 0.00164499
1258 0.00160271
1259 0.00159868
1260 0.00159796
1261 0.00159971
1262 0.00164339
1263 0.00159959
1264 0.00159546
1265 0.00159472
1266 0.00159637
1267 0.00163845
1268 0.0015963
1269 0.00159228
1270 0.00159158
1271 0.00159333
1272 0.00163706
1273 0.00159325
1274 0.00158912
1275 0.00158838
1276 0.00159004
1277 0.00163213
1278 0.00158998
1279 0.00158597
1280 0.00158528
1281 0.00158705
1282 0.00163094
1283 0.00158698
1284 0.00158285
1285 0.00158213
1286 0.00158378
1287 0.00162598
1288 0.00158375
1289 0.00157974
1290 0.00157906
1291 0.00158084
1292 0.00162497
1293 0.0015808
1294 0.00157665
1295 0.00157594
1296 0.00157761
1297 0.00162001
1298 0.0015776
1299 0.00157359
1300 0.00157291
1301 0.00157471
1302 0.00161913
1303 0.00157471
1304 0.00157053
1305 0.00156983
1306 0.00157152
1307 0.00161415
1308 0.00157153
1309 0.00156751
1310 0.00156684
1311 0.00156865
1312 0.00161338
1313 0.00156867
1314 0.00156449
1315 0.00156379
1316 0.00156549
1317 0.0016084
1318 0.00156555
1319 0.00156149
1320 0.00156083
1321 0.00156267
1322 0.00160775
1323 0.00156272
1324 0.0015585
1325 0.00155783
1326 0.00155954
1327 0.00160275
1328 0.0015596
1329 0.00155555
1330 0.0015549
1331 0.00155676
1332 0.0016022
1333 0.00155684
1334 0.00155259
1335 0.00155192
1336 0.00155367
1337 0.00159723
1338 0.00155376
1339 0.00154967
1340 0.00154903
1341 0.00155091
1342 0.00159674
1343 0.00155102
1344 0.00154675
1345 0.00154608
1346 0.00154785
1347 0.00159175
1348 0.00154796
1349 0.00154386
1350 0.00154323
1351 0.00154514
1352 0.00159131
1353 0.00154526
1354 0.00154097
1355 0.00154031
1356 0.0015421
1357 0.00158633
1358 0.00154224
1359 0.00153811
1360 0.00153748
1361 0.00153942
1362 0.00158596
1363 0.00153957
1364 0.00153526
1365 0.00153461
1366 0.00153642
1367 0.00158102
1368 0.00153657
1369 0.00153243
1370 0.00153181
1371 0.00153377
1372 0.00158068
1373 0.00153393
1374 0.00152961
1375 0.00152896
1376 0.0015308
1377 0.00157577
1378 0.00153098
1379 0.00152681
1380 0.0015262
1381 0.00152817
1382 0.00157546
1383 0.00152838
1384 0.00152402
1385 0.00152338
1386 0.00152524
1387 0.00157058
1388 0.00152544
1389 0.00152124
1390 0.00152064
1391 0.00152264
1392 0.00157026
1393 0.00152286
1394 0.00151849
1395 0.00151785
1396 0.00151974
1397 0.00156545
1398 0.00151996
1399 0.00151575
1400 0.00151514
1401 0.00151717
1402 0.00156513
1403 0.00151741
1404 0.00151302
1405 0.00151239
1406 0.00151429
1407 0.00156038
1408 0.00151455
1409 0.00151031
1410 0.0015097
1411 0.00151176
1412 0.00156004
1413 0.00151201
1414 0.00150761
1415 0.00150698
1416 0.00150891
1417 0.0015553
1418 0.00150918
1419 0.00150491
1420 0.00150433
1421 0.00150639
1422 0.00155495
1423 0.00150666
1424 0.00150225
1425 0.00150164
1426 0.00150359
1427 0.00155026
1428 0.00150386
1429 0.00149959
1430 0.001499
1431 0.00150109
1432 0.00154991
1433 0.00150138
1434 0.00149696
1435 0.00149629
1436 0.0014978
1437 0.00153652
1438 0.00149788
1439 0.00149448
1440 0.00149703
1441 0.00155427
1442 0.00149324
1443 0.00149237
1444 0.00149226
1445 0.00150196
1446 0.00155132
1447 0.00167491
1448 0.00157635
1449 0.00149664
1450 0.00151932
1451 0.00157859
1452 0.00155689
1453 0.00149661
1454 0.00151531
1455 0.00158342
1456 0.00153359
1457 0.00149628
1458 0.00150791
1459 0.00158128
1460 0.00151252
1461 0.00149333
1462 0.00150359
1463 0.00161504
1464 0.0014861
1465 0.00148521
1466 0.0014857
1467 0.00150974
1468 0.00148906
1469 0.0014831
1470 0.00148283
1471 0.00149507
1472 0.0015549
1473 0.00169843
1474 0.00159095
1475 0.00148953
1476 0.00152018
1477 0.00159893
1478 0.00148892
1479 0.00148613
1480 0.00154528
1481 0.00153587
1482 0.00148213
1483 0.0014789
1484 0.00150756
1485 0.00148304
1486 0.00147783
1487 0.00150757
1488 0.00148313
1489 0.001474
1490 0.00147361
1491 0.00148083
1492 0.00159314
1493 0.00153043
1494 0.00146837
1495 0.00146766
1496 0.00146706
1497 0.0014681
1498 0.00149834
1499 0.00147288
1500 0.00146498
1501 0.00146449
1502 0.00146906
1503 0.00154377
1504 0.00149914
1505 0.00146158
1506 0.00146302
1507 0.00150813
1508 0.00146306
1509 0.00145907
1510 0.00146199
1511 0.00152685
1512 0.00145804
1513 0.00145711
1514 0.00145656
1515 0.00145895
1516 0.00151359
1517 0.00145931
1518 0.00145438
1519 0.00145367
1520 0.0014548
1521 0.00148644
1522 0.00145471
1523 0.00145185
1524 0.00145387
1525 0.00150159
1526 0.00145207
1527 0.00145028
1528 0.00145045
1529 0.00146693
1530 0.00145244
1531 0.00145906
1532 0.00151243
1533 0.001454
1534 0.00147419
1535 0.00162847
1536 0.00144641
1537 0.00144562
1538 0.00144506
1539 0.00144672
1540 0.00148778
1541 0.00144674
1542 0.00144297
1543 0.00144235
1544 0.00144413
1545 0.00148825
1546 0.00144443
1547 0.0014408
1548 0.0014432
1549 0.00149829
1550 0.00143973
1551 0.00143887
1552 0.00143886
1553 0.00145012
1554 0.00147977
1555 0.00165894
1556 0.00154278
1557 0.00144554
1558 0.00145908
1559 0.00154802
1560 0.00152147
1561 0.00144711
1562 0.00145639
1563 0.00154144
1564 0.00152076
1565 0.00144111
1566 0.00144088
1567 0.00145487
1568 0.00144215
1569 0.00147477
1570 0.00146637
1571 0.00144128
1572 0.0014673
1573 0.00146097
1574 0.00143687
1575 0.00145155
1576 0.00145188
1577 0.00143508
1578 0.00143581
1579 0.00146389
1580 0.00143585
1581 0.00143343
1582 0.00143567
1583 0.00149214
1584 0.00143215
1585 0.00143122
1586 0.00143069
1587 0.00143555
1588 0.00151674
1589 0.00147076
1590 0.00142674
1591 0.00142616
1592 0.00143784
1593 0.00147368
1594 0.00148242
1595 0.00163238
1596 0.00144051
1597 0.00143257
1598 0.00145297
1599 0.00153442
1600 0.00143524
1601 0.00142839
1602 0.00144753
1603 0.00144262
1604 0.0014238
1605 0.00142308
1606 0.00142274
1607 0.00142943
1608 0.00153418
1609 0.00147509
1610 0.00141826
1611 0.00141757
1612 0.0014169
1613 0.00141648
1614 0.00141989
1615 0.00147886
1616 0.00144316
1617 0.00141329
1618 0.00141528
1619 0.00146531
1620 0.00141297
1621 0.00141114
1622 0.00141138
1623 0.00142641
1624 0.00143962
1625 0.00149649
1626 0.00169075
1627 0.00143055
1628 0.00141307
1629 0.00141747
1630 0.00144863
1631 0.00158019
1632 0.00141517
1633 0.00141129
1634 0.00141676
1635 0.00147307
1636 0.00163774
1637 0.00140532
1638 0.00140439
1639 0.00140476
1640 0.00142211
1641 0.00140698
1642 0.00141608
1643 0.00147439
1644 0.00140979
1645 0.00141083
1646 0.00150018
1647 0.00141
1648 0.00140093
1649 0.0014003
1650 0.00140255
1651 0.001456
1652 0.00140287
1653 0.00139826
1654 0.00139766
1655 0.00139976
1656 0.00144905
1657 0.00140003
1658 0.00139583
1659 0.00139528
1660 0.00139742
1661 0.00144725
1662 0.00139776
1663 0.0013935
1664 0.00139302
1665 0.00139586
1666 0.00145799
1667 0.00139316
1668 0.00139112
1669 0.00139114
1670 0.00140224
1671 0.00146354
1672 0.00160233
1673 0.00148286
1674 0.00139554
1675 0.00142057
1676 0.00147879
1677 0.00145261
1678 0.00139389
1679 0.00141392
1680 0.00147884
1681 0.0014278
1682 0.00139309
1683 0.00140526
1684 0.00147405
1685 0.00140765
1686 0.00139267
1687 0.00141376
1688 0.00153233
1689 0.00138398
1690 0.00138326
1691 0.00138335
1692 0.00139813
1693 0.00141191
1694 0.0014622
1695 0.00166396
1696 0.00140135
1697 0.00138469
1698 0.00138964
1699 0.00141229
1700 0.00158371
1701 0.00138741
1702 0.00138358
1703 0.00139126
1704 0.00143727
1705 0.001688
1706 0.0013795
1707 0.00137855
1708 0.00137886
1709 0.00139477
1710 0.00139356
1711 0.00139205
1712 0.00151088
1713 0.00141019
1714 0.00137707
1715 0.00137566
1716 0.00137473
1717 0.00138568
1718 0.00154237
1719 0.00144967
1720 0.00137013
1721 0.00136959
1722 0.00136915
1723 0.00137068
1724 0.00140814
1725 0.00137091
1726 0.00136825
1727 0.00136984
1728 0.00141062
1729 0.00136707
1730 0.00136637
1731 0.00136652
1732 0.0013801
1733 0.00139717
1734 0.00160149
1735 0.00147882
1736 0.00137241
1737 0.00137775
1738 0.00145903
1739 0.00143901
1740 0.00137147
1741 0.00137273
1742 0.00142705
1743 0.00141563
1744 0.00136577
1745 0.00136534
1746 0.00136844
1747 0.00142327
1748 0.00139782
1749 0.00136195
1750 0.0013667
1751 0.00144716
1752 0.00139079
1753 0.00136129
1754 0.00136883
1755 0.00140216
1756 0.00140505
1757 0.00151413
1758 0.00138616
1759 0.00144193
1760 0.00146235
1761 0.00136027
1762 0.00136063
1763 0.00138561
1764 0.00137711
1765 0.00135613
1766 0.00135547
1767 0.00135504
1768 0.00135865
1769 0.00142068
1770 0.0013919
1771 0.00135114
1772 0.00135068
1773 0.00135123
1774 0.00137106
1775 0.00135384
1776 0.00134992
1777 0.00135986
1778 0.00141077
1779 0.00155193
1780 0.00143932
1781 0.00135527
1782 0.00137364
1783 0.0014271
1784 0.00140408
1785 0.00137607
1786 0.00143443
1787 0.00166115
1788 0.00135717
1789 0.00135098
1790 0.00138379
1791 0.00142006
1792 0.00134611
1793 0.00134599
1794 0.0013718
1795 0.00140461
1796 0.00134103
1797 0.00134082
1798 0.0013446
1799 0.00142423
1800 0.0013398
1801 0.00133892
1802 0.0013385
1803 0.00134077
1804 0.00139218
1805 0.00134088
1806 0.00133678
1807 0.00133633
1808 0.0013384
1809 0.00138563
1810 0.00133858
1811 0.00133485
1812 0.00133448
1813 0.00133722
1814 0.00139672
1815 0.00133756
1816 0.00133292
1817 0.00133245
1818 0.00133448
1819 0.00138005
1820 0.0013346
1821 0.00133098
1822 0.00133062
1823 0.00133293
1824 0.00138405
1825 0.00133314
1826 0.00132915
1827 0.00132876
1828 0.00133098
1829 0.00138008
1830 0.00133116
1831 0.00132731
1832 0.00132696
1833 0.00132936
1834 0.00138231
1835 0.00132964
1836 0.00132552
1837 0.00132514
1838 0.00132748
1839 0.00137872
1840 0.0013277
1841 0.0013237
1842 0.00132332
1843 0.00132551
1844 0.00137402
1845 0.00132568
1846 0.00132191
1847 0.00132156
1848 0.00132396
1849 0.00137631
1850 0.0013242
1851 0.00132015
1852 0.00131977
1853 0.00132202
1854 0.00137176
1855 0.00132222
1856 0.00131838
1857 0.00131803
1858 0.0013205
1859 0.00137397
1860 0.00132076
1861 0.00131663
1862 0.00131626
1863 0.00131855
1864 0.001369
1865 0.00131876
1866 0.00131488
1867 0.00131453
1868 0.00131703
1869 0.00137109
1870 0.00131731
1871 0.00131317
1872 0.00131279
1873 0.0013151
1874 0.00136589
1875 0.00131531
1876 0.00131141
1877 0.00131109
1878 0.00131358
1879 0.00136777
1880 0.00131387
1881 0.00130972
1882 0.00130936
1883 0.00131166
1884 0.00136246
1885 0.00131188
1886 0.00130799
1887 0.00130767
1888 0.00131015
1889 0.00136412
1890 0.00131042
1891 0.00130631
1892 0.00130594
1893 0.00130825
1894 0.00135878
1895 0.00130846
1896 0.0013046
1897 0.00130427
1898 0.00130674
1899 0.00136021
1900 0.001307
1901 0.00130294
1902 0.00130257
1903 0.00130484
1904 0.00135489
1905 0.00130505
1906 0.00130124
1907 0.00130091
1908 0.00130334
1909 0.0013561
1910 0.0013036
1911 0.00129959
1912 0.00129923
1913 0.00130147
1914 0.00135081
1915 0.00130166
1916 0.00129791
1917 0.00129759
1918 0.00129998
1919 0.00135187
1920 0.0013002
1921 0.00129627
1922 0.00129595
1923 0.00129842
1924 0.00135215
1925 0.00129868
1926 0.00129464
1927 0.00129429
1928 0.00129662
1929 0.00134715
1930 0.0012968
1931 0.00129297
1932 0.00129266
1933 0.00129501
1934 0.00134661
1935 0.00129525
1936 0.00129137
1937 0.00129105
1938 0.00129357
1939 0.00134784
1940 0.00129382
1941 0.00128976
1942 0.00128941
1943 0.00129169
1944 0.00134186
1945 0.00129189
1946 0.00128812
1947 0.0012878
1948 0.0012902
1949 0.0013422
1950 0.00129042
1951 0.00128652
1952 0.0012862
1953 0.00128867
1954 0.00134215
1955 0.00128892
1956 0.00128493
1957 0.00128459
1958 0.00128688
1959 0.00133666
1960 0.00128704
1961 0.00128331
1962 0.00128299
1963 0.0012853
1964 0.00133584
1965 0.00128551
1966 0.00128173
1967 0.00128142
1968 0.00128387
1969 0.00133656
1970 0.00128408
1971 0.00128017
1972 0.00127984
1973 0.00128234
1974 0.00133619
1975 0.00128258
1976 0.00127859
1977 0.00127826
1978 0.00128056
1979 0.00133034
1980 0.00128071
1981 0.001277
1982 0.00127668
1983 0.00127898
1984 0.00132924
1985 0.00127918
1986 0.00127545
1987 0.00127513
1988 0.00127757
1989 0.00132959
1990 0.00127776
1991 0.0012739
1992 0.0012736
1993 0.00127603
1994 0.00132893
1995 0.00127626
1996 0.00127236
1997 0.00127205
1998 0.00127459
1999 0.0013288
2000 0.00127482
2001 0.00127082
2002 0.00127049
2003 0.00127273
2004 0.001322
2005 0.00127289
2006 0.00126926
2007 0.00126895
2008 0.00127127
2009 0.00132126
2010 0.00127142
2011 0.00126773
2012 0.00126743
2013 0.00126976
2014 0.00132053
2015 0.00126994
2016 0.00126621
2017 0.00126591
2018 0.00126833
2019 0.0013202
2020 0.00126852
2021 0.00126469
2022 0.0012644
2023 0.00126681
2024 0.00131912
2025 0.00126702
2026 0.00126319
2027 0.00126289
2028 0.00126537
2029 0.00131848
2030 0.00126558
2031 0.00126168
2032 0.00126139
2033 0.00126386
2034 0.00131719
2035 0.00126408
2036 0.00126019
2037 0.0012599
2038 0.00126241
2039 0.00131621
2040 0.00126261
2041 0.00125869
2042 0.0012584
2043 0.00126091
2044 0.00131468
2045 0.00126111
2046 0.00125721
2047 0.00125691
2048 0.00125945
2049 0.00131347
2050 0.00125965
2051 0.00125571
2052 0.00125543
2053 0.00125794
2054 0.00131171
2055 0.00125813
2056 0.00125424
2057 0.00125396
2058 0.00125648
2059 0.00131028
2060 0.00125666
2061 0.00125276
2062 0.00125248
2063 0.00125496
2064 0.00130836
2065 0.00125515
2066 0.00125129
2067 0.001251
2068 0.0012535
2069 0.00130668
2070 0.00125367
2071 0.00124982
2072 0.00124954
2073 0.001252
2074 0.00130462
2075 0.00125216
2076 0.00124837
2077 0.00124808
2078 0.00125052
2079 0.00130283
2080 0.00125069
2081 0.00124691
2082 0.00124663
2083 0.00124903
2084 0.00130066
2085 0.00124918
2086 0.00124546
2087 0.00124517
2088 0.00124757
2089 0.00129876
2090 0.0012477
2091 0.001244
2092 0.00124373
2093 0.00124607
2094 0.00129656
2095 0.0012462
2096 0.00124257
2097 0.00124229
2098 0.00124461
2099 0.00129459
2100 0.00124473
2101 0.00124113
2102 0.00124086
2103 0.00124311
2104 0.00129234
2105 0.00124324
2106 0.0012397
2107 0.00123942
2108 0.00124167
2109 0.00129034
2110 0.00124177
2111 0.00123827
2112 0.001238
2113 0.00124018
2114 0.00128806
2115 0.00124029
2116 0.00123685
2117 0.00123657
2118 0.00123875
2119 0.00128601
2120 0.00123883
2121 0.00123543
2122 0.00123515
2123 0.00123728
2124 0.00128377
2125 0.00123736
2126 0.00123402
2127 0.00123374
2128 0.00123586
2129 0.00128173
2130 0.00123591
2131 0.00123261
2132 0.00123233
2133 0.00123438
2134 0.00127948
2135 0.00123444
2136 0.0012312
2137 0.00123093
2138 0.00123298
2139 0.00127745
2140 0.00123301
2141 0.0012298
2142 0.00122953
2143 0.00123152
2144 0.00127529
2145 0.00123156
2146 0.00122841
2147 0.00122814
2148 0.00123011
2149 0.00127327
2150 0.00123014
2151 0.00122702
2152 0.00122675
2153 0.00122867
2154 0.00127114
2155 0.00122869
2156 0.00122581
2157 0.00122813
2158 0.00127822
2159 0.00122641
2160 0.00122495
2161 0.00122514
2162 0.00123753
2163 0.00124759
2164 0.00141641
2165 0.00133754
2166 0.00122785
2167 0.00122893
2168 0.00127514
2169 0.00125571
2170 0.0012399
2171 0.00134966
2172 0.00135836
2173 0.00122554
2174 0.00122343
2175 0.00122969
2176 0.00130727
2177 0.00137154
2178 0.0012203
2179 0.0012197
2180 0.00122027
2181 0.00123881
2182 0.00122258
2183 0.00122195
2184 0.00125414
2185 0.00124448
2186 0.00122888
2187 0.00135923
2188 0.00125072
2189 0.00122611
2190 0.00122754
2191 0.00132654
2192 0.00121785
2193 0.00121701
2194 0.00121695
2195 0.00123172
2196 0.00122097
2197 0.00126034
2198 0.00131304
2199 0.00121594
2200 0.00121512
2201 0.00121467
2202 0.00121965
2203 0.00132309
2204 0.00121412
2205 0.00121322
2206 0.00121283
2207 0.00121595
2208 0.00128379
2209 0.00121569
2210 0.00121094
2211 0.00121049
2212 0.00121142
2213 0.00123531
2214 0.00121121
2215 0.00120946
2216 0.00121101
2217 0.00124579
2218 0.00121124
2219 0.00120906
2220 0.00121108
2221 0.00125755
2222 0.00120951
2223 0.00120812
2224 0.00120842
2225 0.001224
2226 0.00121716
2227 0.00125254
2228 0.00137608
2229 0.00123478
2230 0.00121416
2231 0.00123759
2232 0.00134235
2233 0.00121127
2234 0.00120899
2235 0.00121287
2236 0.00128815
2237 0.00124293
2238 0.00120522
2239 0.00120603
2240 0.00123175
2241 0.00120569
2242 0.00120381
2243 0.00120549
2244 0.00124402
2245 0.00120389
2246 0.00120272
2247 0.00120282
2248 0.00121296
2249 0.00123877
2250 0.00153008
2251 0.00120902
2252 0.00120276
2253 0.00120343
2254 0.00126018
2255 0.00120026
2256 0.00119956
2257 0.00119947
2258 0.00120657
2259 0.00131391
2260 0.00125533
2261 0.00119798
2262 0.00119687
2263 0.00119873
2264 0.00124443
2265 0.00119739
2266 0.0011956
2267 0.00119586
2268 0.0012085
2269 0.00121795
2270 0.00138206
2271 0.00130501
2272 0.001199
2273 0.00120021
2274 0.00123674
2275 0.00122865
2276 0.00124393
2277 0.00144106
2278 0.00132027
2279 0.00120778
2280 0.00120982
2281 0.00129469
2282 0.00128948
2283 0.00119561
2284 0.00119515
2285 0.00119938
2286 0.00127097
2287 0.001236
2288 0.00119308
2289 0.00119281
2290 0.0012073
2291 0.00121266
2292 0.00127461
2293 0.00146981
2294 0.00121294
2295 0.00119463
2296 0.00119259
2297 0.0011923
2298 0.00123042
2299 0.00119004
2300 0.00118952
2301 0.00118923
2302 0.00119172
2303 0.00124514
2304 0.0011895
2305 0.00118792
2306 0.00118816
2307 0.00120083
2308 0.00121084
2309 0.00130423
2310 0.00141148
2311 0.00119604
2312 0.00119203
2313 0.00120921
2314 0.00124093
2315 0.00120108
2316 0.00128431
2317 0.00120889
2318 0.00121823
2319 0.00125564
2320 0.00146011
2321 0.00121165
2322 0.00119124
2323 0.00119011
2324 0.00120974
2325 0.00120057
2326 0.00124724
2327 0.00138909
2328 0.00122827
2329 0.00118629
2330 0.00118558
2331 0.00118618
2332 0.00120722
2333 0.00118859
2334 0.00118402
2335 0.00118372
2336 0.00118671
2337 0.00124936
2338 0.00118659
2339 0.00118272
2340 0.00118215
2341 0.00118387
2342 0.00122347
2343 0.00118349
2344 0.00118079
2345 0.00118048
2346 0.00118187
2347 0.00121432
2348 0.00118599
2349 0.00117938
2350 0.00117918
2351 0.00118288
2352 0.00125767
2353 0.00118001
2354 0.00117821
2355 0.00117832
2356 0.00118812
2357 0.00126527
2358 0.00146974
2359 0.00117634
2360 0.00117556
2361 0.00117562
2362 0.00118346
2363 0.00129905
2364 0.00123541
2365 0.00117283
2366 0.00117248
2367 0.0011724
2368 0.00117716
2369 0.00126993
2370 0.0011735
2371 0.00117127
2372 0.00117089
2373 0.00117173
2374 0.0011943
2375 0.00117452
2376 0.0011699
2377 0.00116975
2378 0.00117355
2379 0.00124905
2380 0.00117058
2381 0.00116878
2382 0.00116883
2383 0.00117704
2384 0.00126567
2385 0.00134126
2386 0.00117004
2387 0.00116699
2388 0.00116588
2389 0.00117841
2390 0.00131953
2391 0.00140691
2392 0.00116324
2393 0.00116263
2394 0.0011624
2395 0.0011636
2396 0.00119126
2397 0.0011671
2398 0.00116165
2399 0.00116151
2400 0.00116637
2401 0.00126149
2402 0.00116286
2403 0.00116068
2404 0.00116089
2405 0.00117144
2406 0.00122058
2407 0.00152379
2408 0.00116782
2409 0.00116132
2410 0.0011609
2411 0.00120363
2412 0.0011593
2413 0.00115769
2414 0.00115752
2415 0.00116198
2416 0.00125145
2417 0.00115806
2418 0.00115588
2419 0.00115595
2420 0.00116436
2421 0.00123055
2422 0.00140671
2423 0.00115915
2424 0.00115484
2425 0.00115531
2426 0.00118791
2427 0.00115404
2428 0.00115285
2429 0.00115364
2430 0.00117497
2431 0.00115613
2432 0.00115218
2433 0.00115218
2434 0.00116066
2435 0.0012852
2436 0.00121777
2437 0.00115126
2438 0.00115004
2439 0.00115197
2440 0.00119898
2441 0.00114902
2442 0.00114839
2443 0.00114851
2444 0.00115671
2445 0.00127528
2446 0.00121124
2447 0.001148
2448 0.00114687
2449 0.00114828
2450 0.00118485
2451 0.0011469
2452 0.00114558
2453 0.00114734
2454 0.00118592
2455 0.00114586
2456 0.00114485
2457 0.00114624
2458 0.00117903
2459 0.0011463
2460 0.00114447
2461 0.00114586
2462 0.0011804
2463 0.0011437
2464 0.00114317
2465 0.00114367
2466 0.00115905
2467 0.00114537
2468 0.0011564
2469 0.00120643
2470 0.00114264
2471 0.00114442
2472 0.00118815
2473 0.00114185
2474 0.0011413
2475 0.00114143
2476 0.00114968
2477 0.00126932
2478 0.00120454
2479 0.00114075
2480 0.00113961
2481 0.00114142
2482 0.00118447
2483 0.00114008
2484 0.00113852
2485 0.00113872
2486 0.00114936
2487 0.00115661
2488 0.00136215
2489 0.00114378
2490 0.00113917
2491 0.00113998
2492 0.00118875
2493 0.00113727
2494 0.00113664
2495 0.00113661
2496 0.00114337
2497 0.00127359
2498 0.0011356
2499 0.00113469
2500 0.00113439
2501 0.00113427
2502 0.00113707
2503 0.00119362
2504 0.00113679
2505 0.00113323
2506 0.00113294
2507 0.00113458
2508 0.0011709
2509 0.00113433
2510 0.00113208
2511 0.00113398
2512 0.00117413
2513 0.00113421
2514 0.00113196
2515 0.00113385
2516 0.00117623
2517 0.00113142
2518 0.00113087
2519 0.00113148
2520 0.00114872
2521 0.00113351
2522 0.00113284
2523 0.00115929
2524 0.00115008
2525 0.00113754
2526 0.00123461
2527 0.00115258
2528 0.00113488
2529 0.00119625
2530 0.00114301
2531 0.00112779
2532 0.00112751
2533 0.00112841
2534 0.00114957
2535 0.00113108
2536 0.00112778
2537 0.00113647
2538 0.00115932
2539 0.00141535
2540 0.00113156
2541 0.00112611
2542 0.00112683
2543 0.00116149
2544 0.00112537
2545 0.00112415
2546 0.00112479
2547 0.00114234
2548 0.00112677
2549 0.00112935
2550 0.00118003
2551 0.00113035
2552 0.00114077
2553 0.00128742
2554 0.00115807
2555 0.00112456
2556 0.00112325
2557 0.00112243
2558 0.00112687
2559 0.00121475
2560 0.00112198
2561 0.00112124
2562 0.00112094
2563 0.00112243
2564 0.0011562
2565 0.00112666
2566 0.00111964
2567 0.00111946
2568 0.00112218
2569 0.00117686
2570 0.00112222
2571 0.00111891
2572 0.00111873
2573 0.00112186
2574 0.00118513
2575 0.00112162
2576 0.00111762
2577 0.00111744
2578 0.00111925
2579 0.00115747
2580 0.00111903
2581 0.00111671
2582 0.00111853
2583 0.00115665
2584 0.00111863
2585 0.00111653
2586 0.0011182
2587 0.00115649
2588 0.0011168
2589 0.00111578
2590 0.00111703
2591 0.00114773
2592 0.00112085
2593 0.00111525
2594 0.00111518
2595 0.00112376
2596 0.00125117
2597 0.00117961
2598 0.00111435
2599 0.00111311
2600 0.0011151
2601 0.00116245
2602 0.00111227
2603 0.00111161
2604 0.00111183
2605 0.00112094
2606 0.00121574
2607 0.00129875
2608 0.00111506
2609 0.00111174
2610 0.00111074
2611 0.00112664
2612 0.00114338
2613 0.00149898
2614 0.00111069
2615 0.00110909
2616 0.00110874
2617 0.00110917
2618 0.00112378
2619 0.00111062
2620 0.00111398
2621 0.00116894
2622 0.00111575
2623 0.00110942
2624 0.00113307
2625 0.00112507
2626 0.00110658
2627 0.00110658
2628 0.0011115
2629 0.00120713
2630 0.00110676
2631 0.00110599
2632 0.00110582
2633 0.00110797
2634 0.00115314
2635 0.00110759
2636 0.00110495
2637 0.00110646
2638 0.00114123
2639 0.00111063
2640 0.00110399
2641 0.00110375
2642 0.00110812
2643 0.00119551
2644 0.00110823
2645 0.00110288
2646 0.00110269
2647 0.00110627
2648 0.00117773
2649 0.00110312
2650 0.00110138
2651 0.00110144
2652 0.00110771
2653 0.00122757
2654 0.00110376
2655 0.00110104
2656 0.00110082
2657 0.00110344
2658 0.00115762
2659 0.00110301
2660 0.00109961
2661 0.00109941
2662 0.00110044
2663 0.00112387
2664 0.00110344
2665 0.00109874
2666 0.00109878
2667 0.00110444
2668 0.00121349
2669 0.0011003
2670 0.0010978
2671 0.00109752
2672 0.00109852
2673 0.00112205
2674 0.00110152
2675 0.00109689
2676 0.0010969
2677 0.00110236
2678 0.00120757
2679 0.0010965
2680 0.00109573
2681 0.00109557
2682 0.0010963
2683 0.0011136
2684 0.00109842
2685 0.00109759
2686 0.00112464
2687 0.00114824
2688 0.00109471
2689 0.00109547
2690 0.00111382
2691 0.00109755
2692 0.00109441
2693 0.00110394
2694 0.0011288
2695 0.00140404
2696 0.00109998
2697 0.00109432
2698 0.00109552
2699 0.00114246
2700 0.00109428
2701 0.00109265
2702 0.0010925
2703 0.00109574
2704 0.00116169
2705 0.00109527
2706 0.00109117
2707 0.00109095
2708 0.00109207
2709 0.00111743
2710 0.00109534
2711 0.00109043
2712 0.00109046
2713 0.00109612
2714 0.00120537
2715 0.00109196
2716 0.00108948
2717 0.0010892
2718 0.00109022
2719 0.00111384
2720 0.00108996
2721 0.00108844
2722 0.00108983
2723 0.00111927
2724 0.00108989
2725 0.0010882
2726 0.00108986
2727 0.00112606
2728 0.00108858
2729 0.00108763
2730 0.00108916
2731 0.00112335
2732 0.00108935
2733 0.00108749
2734 0.00108926
2735 0.00112947
2736 0.00108794
2737 0.00108692
2738 0.00108838
2739 0.00112287
2740 0.00108861
2741 0.00108676
2742 0.00108842
2743 0.00112783
2744 0.00108624
2745 0.00108568
2746 0.00108643
2747 0.00110616
2748 0.00108886
2749 0.00108589
2750 0.00109559
2751 0.00110547
2752 0.00134105
2753 0.00108922
2754 0.00108388
2755 0.00108442
2756 0.00111442
2757 0.00108319
2758 0.00108205
2759 0.00108286
2760 0.00110268
2761 0.00108516
2762 0.0010815
2763 0.00108149
2764 0.00108741
2765 0.00120118
2766 0.00108326
2767 0.00108073
2768 0.0010805
2769 0.00108211
2770 0.00111647
2771 0.00108181
2772 0.00107975
2773 0.00108147
2774 0.00111773
2775 0.00108148
2776 0.00107947
2777 0.00108122
2778 0.00111996
2779 0.0010797
2780 0.00107871
2781 0.00108016
2782 0.00111326
2783 0.00108025
2784 0.00107846
2785 0.00107992
2786 0.00111434
2787 0.00107864
2788 0.00107773
2789 0.00107888
2790 0.00110669
2791 0.00108219
2792 0.00107726
2793 0.00107735
2794 0.00108711
2795 0.0011867
2796 0.00127965
2797 0.00108101
2798 0.00107739
2799 0.00107645
2800 0.00109637
2801 0.00107773
2802 0.00108806
2803 0.00112065
2804 0.00108034
2805 0.00111553
2806 0.00122938
2807 0.00107448
2808 0.00107381
2809 0.00107359
2810 0.00107581
2811 0.00112138
2812 0.00107551
2813 0.0010728
2814 0.00107254
2815 0.0010742
2816 0.00110937
2817 0.00107395
2818 0.00107189
2819 0.00107347
2820 0.00110624
2821 0.00107358
2822 0.00107182
2823 0.00107327
2824 0.00110589
2825 0.00107509
2826 0.0010712
2827 0.00107272
2828 0.00110674
2829 0.00107288
2830 0.00107102
2831 0.00107284
2832 0.00111326
2833 0.00107158
2834 0.00107055
2835 0.00107213
2836 0.0011077
2837 0.00107239
2838 0.00107051
2839 0.00107224
2840 0.00111227
2841 0.00107008
2842 0.00106952
2843 0.00107024
2844 0.00108877
2845 0.00107241
2846 0.00106964
2847 0.00107763
2848 0.00113771
2849 0.00131753
2850 0.00106756
2851 0.00106663
2852 0.00106651
2853 0.00106919
2854 0.00112278
2855 0.00106755
2856 0.00106621
2857 0.00106651
2858 0.0010777
2859 0.00110318
2860 0.00139534
2861 0.00107518
2862 0.00106848
2863 0.00106895
2864 0.00112393
2865 0.00106761
2866 0.00106571
2867 0.00106565
2868 0.00107215
2869 0.00119737
2870 0.00106666
2871 0.00106351
2872 0.00106317
2873 0.00106326
2874 0.00106983
2875 0.0011648
2876 0.00111411
2877 0.00106241
2878 0.00106179
2879 0.00106655
2880 0.00115962
2881 0.00106177
2882 0.00106097
2883 0.00106092
2884 0.00106392
2885 0.00112257
2886 0.00106352
2887 0.00105994
2888 0.00105972
2889 0.00106093
2890 0.00108741
2891 0.00106424
2892 0.00105914
2893 0.00105916
2894 0.00106439
2895 0.00116344
2896 0.00106055
2897 0.00105819
2898 0.00105793
2899 0.00105866
2900 0.00107641
2901 0.00106078
2902 0.00105796
2903 0.00106621
2904 0.00115354
2905 0.00123046
2906 0.00105624
2907 0.00105554
2908 0.00105549
2909 0.00105878
2910 0.00112291
2911 0.00105663
2912 0.00105506
2913 0.00105535
2914 0.00106576
2915 0.00116994
2916 0.00126817
2917 0.00105478
2918 0.00105386
2919 0.00105402
2920 0.00106286
2921 0.00115661
2922 0.00122056
2923 0.00105622
2924 0.00105355
2925 0.0010594
2926 0.00115121
2927 0.00110028
2928 0.00105127
2929 0.00105101
2930 0.00105119
2931 0.00105864
2932 0.00119826
2933 0.00105177
2934 0.00105067
2935 0.00105043
2936 0.00105069
2937 0.00105957
2938 0.00110001
2939 0.00134848
2940 0.00104932
2941 0.00104811
2942 0.00104838
2943 0.00105682
2944 0.00117735
2945 0.00111142
2946 0.00104681
2947 0.00104651
2948 0.00104669
2949 0.00105346
2950 0.00118066
2951 0.00104714
2952 0.00104613
2953 0.00104605
2954 0.00104829
2955 0.00109283
2956 0.00104803
2957 0.00104531
2958 0.00104511
2959 0.00104652
2960 0.00107634
2961 0.0010463
2962 0.00104446
2963 0.00104588
2964 0.00107502
2965 0.00104956
2966 0.00104416
2967 0.00104436
2968 0.00105311
2969 0.00117706
2970 0.00111225
2971 0.00104417
2972 0.00104297
2973 0.00104478
2974 0.0010863
2975 0.00104358
2976 0.00104209
2977 0.00104233
2978 0.00105129
2979 0.00117731
2980 0.0011116
2981 0.0010425
2982 0.0010413
2983 0.00104298
2984 0.00108281
2985 0.00104182
2986 0.00104049
2987 0.0010423
2988 0.00108054
2989 0.0010411
2990 0.00104007
2991 0.00104156
2992 0.00107398
2993 0.0010418
2994 0.00104005
2995 0.00104154
2996 0.00107546
2997 0.00104053
2998 0.00103958
2999 0.0010408
3000 0.00106957
3001 0.00104432
3002 0.00103923
3003 0.00103945
3004 0.00105103
3005 0.00105795
3006 0.00126673
3007 0.00104711
3008 0.00104114
3009 0.00104202
3010 0.00109485
3011 0.00103947
3012 0.00103875
3013 0.00103885
3014 0.00104748
3015 0.00117068
3016 0.0011067
3017 0.00103854
3018 0.00103724
3019 0.00103946
3020 0.00108969
3021 0.0010383
3022 0.00103645
3023 0.00103692
3024 0.0010515
3025 0.00103858
3026 0.00105146
3027 0.0010765
3028 0.00103614
3029 0.00103839
3030 0.00108908
3031 0.00103592
3032 0.0010352
3033 0.00103555
3034 0.00104787
3035 0.00104132
3036 0.0011226
3037 0.0010427
3038 0.00103749
3039 0.00104358
3040 0.00111611
3041 0.00118122
3042 0.00103423
3043 0.00103348
3044 0.00103317
3045 0.00103579
3046 0.00109021
3047 0.00103448
3048 0.00103287
3049 0.00103336
3050 0.00104993
3051 0.00103525
3052 0.00103974
3053 0.00108573
3054 0.00104633
3055 0.00107693
3056 0.00136744
3057 0.00104173
3058 0.00103429
3059 0.00103567
3060 0.00109882
3061 0.0010327
3062 0.00103188
3063 0.00103198
3064 0.00104035
3065 0.00115943
3066 0.00109798
3067 0.0010318
3068 0.00103047
3069 0.00103258
3070 0.0010812
3071 0.0010315
3072 0.00102967
3073 0.00103016
3074 0.00104528
3075 0.0010373
3076 0.00108423
3077 0.00115399
3078 0.00103916
3079 0.00103142
3080 0.00104105
3081 0.00107017
3082 0.00102912
3083 0.00103767
3084 0.00106986
3085 0.00102748
3086 0.00102818
3087 0.00104595
3088 0.00102745
3089 0.00102637
3090 0.00103179
3091 0.00113404
3092 0.00102571
3093 0.00102483
3094 0.00102463
3095 0.00102489
3096 0.00103276
3097 0.00114272
3098 0.00108523
3099 0.00102495
3100 0.00102395
3101 0.00102479
3102 0.00104754
3103 0.00102733
3104 0.00102319
3105 0.00102318
3106 0.00102922
3107 0.00114313
3108 0.00102484
3109 0.0010219
3110 0.00102169
3111 0.00102234
3112 0.0010382
3113 0.0010242
3114 0.00102366
3115 0.00105046
3116 0.00103934
3117 0.00102852
3118 0.00112044
3119 0.00104175
3120 0.00102517
3121 0.00107648
3122 0.00103158
3123 0.00101956
3124 0.00101948
3125 0.00102107
3126 0.00105316
3127 0.00102118
3128 0.00101932
3129 0.00102097
3130 0.00105465
3131 0.00102125
3132 0.00101943
3133 0.00102108
3134 0.00105699
3135 0.00102008
3136 0.00101904
3137 0.00102051
3138 0.00105289
3139 0.00102085
3140 0.0010191
3141 0.00102055
3142 0.00105394
3143 0.00102268
3144 0.00101851
3145 0.00102007
3146 0.00105534
3147 0.00101931
3148 0.00101809
3149 0.00102
3150 0.0010594
3151 0.00101908
3152 0.00101792
3153 0.00101982
3154 0.00105963
3155 0.00101909
3156 0.00101776
3157 0.00101957
3158 0.00105795
3159 0.00101871
3160 0.00101755
3161 0.0010193
3162 0.00105688
3163 0.0010199
3164 0.00101781
3165 0.00101964
3166 0.00106098
3167 0.00101771
3168 0.00101705
3169 0.001018
3170 0.00104096
3171 0.00102092
3172 0.0010174
3173 0.00102582
3174 0.00103313
3175 0.00122067
3176 0.00102845
3177 0.00101537
3178 0.00101463
3179 0.00101913
3180 0.00111042
3181 0.00101679
3182 0.00101371
3183 0.00101361
3184 0.00101522
3185 0.00104789
3186 0.00101478
3187 0.00101264
3188 0.00101395
3189 0.00104158
3190 0.00101717
3191 0.00101206
3192 0.001012
3193 0.00101687
3194 0.00110854
3195 0.00101429
3196 0.00101173
3197 0.00101208
3198 0.0010232
3199 0.00103063
3200 0.00124523
3201 0.00101999
3202 0.00101342
3203 0.00101432
3204 0.0010599
3205 0.00101332
3206 0.00101166
3207 0.00101157
3208 0.00101643
3209 0.00110924
3210 0.00101238
3211 0.00100949
3212 0.00100952
3213 0.00101511
3214 0.00111877
3215 0.0010126
3216 0.00100962
3217 0.00100951
3218 0.0010133
3219 0.00108622
3220 0.00101281
3221 0.00100802
3222 0.00100776
3223 0.00100824
3224 0.00102022
3225 0.00101424
3226 0.00110908
3227 0.00101513
3228 0.00100919
3229 0.00101551
3230 0.00111126
3231 0.00106062
3232 0.00100709
3233 0.00100675
3234 0.00100691
3235 0.00101501
3236 0.00107581
3237 0.0012373
3238 0.00100546
3239 0.00100439
3240 0.00100429
3241 0.00100656
3242 0.0010505
3243 0.001007
3244 0.00100452
3245 0.00100641
3246 0.0010456
3247 0.00100547
3248 0.00100433
3249 0.0010057
3250 0.00103601
3251 0.00100948
3252 0.00100397
3253 0.00100424
3254 0.00101593
3255 0.00100945
3256 0.00108596
3257 0.00101088
3258 0.00100591
3259 0.00101077
3260 0.00109246
3261 0.00104926
3262 0.00100332
3263 0.00100291
3264 0.00100275
3265 0.00100673
3266 0.00108338
3267 0.00100336
3268 0.00100241
3269 0.00100239
3270 0.00100728
3271 0.00109981
3272 0.00100679
3273 0.00100061
3274 0.00100028
3275 0.00100088
3276 0.00101555
3277 0.0010081
3278 0.00105784
3279 0.0011327
3280 0.00101076
3281 0.00100253
3282 0.001012
3283 0.00104202
3284 0.00101656
3285 0.00108819
3286 0.00104764
3287 0.00108291
3288 0.00104165
3289 0.00120393
3290 0.0011165
3291 0.00100767
3292 0.00100563
3293 0.00101303
3294 0.00110668
3295 0.00121044
3296 0.00101375
3297 0.00100267
3298 0.00100108
3299 0.00100424
3300 0.00109314
3301 0.00100151
3302 0.000998696

