1 0.137924
2 0.171246
3 0.220493
4 0.192593
5 0.248957
6 0.2147
7 0.239966
8 0.224761
9 0.236652
10 0.160698
11 0.153252
12 0.166537
13 0.110529
14 0.0765441
15 0.232891
16 0.207563
17 0.234649
18 0.160344
19 0.250276
20 0.24808
21 0.229279
22 0.240579
23 0.21195
24 0.235158
25 0.216493
26 0.234627
27 0.117856
28 0.175768
29 0.181066
30 0.0965409
31 0.1499
32 0.0464836
33 0.182458
34 0.113436
35 0.22377
36 0.20251
37 0.213711
38 0.0559795
39 0.242974
40 0.223719
41 0.235699
42 0.114878
43 0.126364
44 0.0944386
45 0.141149
46 0.0779259
47 0.251855
48 0.250472
49 0.241327
50 0.237619
51 0.0344474
52 0.182231
53 0.164925
54 0.207682
55 0.0989952
56 0.162678
57 0.0810461
58 0.215258
59 0.167337
60 0.227791
61 0.187091
62 0.238524
63 0.095394
64 0.244918
65 0.243536
66 0.109131
67 0.251095
68 0.24733
69 0.184078
70 0.227144
71 0.194728
72 0.234608
73 0.153984
74 0.247757
75 0.236166
76 0.22211
77 0.0583131
78 0.176501
79 0.10309
80 0.233445
81 0.22176
82 0.110254
83 0.210936
84 0.168416
85 0.218652
86 0.0911033
87 0.24803
88 0.244463
89 0.103904
90 0.241764
91 0.234559
92 0.200089
93 0.2433
94 0.173078
95 0.243967
96 0.240621
97 0.13773
98 0.253254
99 0.245757
100 0.244641
101 0.174262
102 0.186066
103 0.230121
104 0.218
105 0.0935242
106 0.129426
107 0.241023
108 0.232583
109 0.180035
110 0.211425
111 0.175831
112 0.244765
113 0.210383
114 0.241954
115 0.231381
116 0.186301
117 0.183597
118 0.181053
119 0.147375
120 0.124061
121 0.245741
122 0.218012
123 0.229974
124 0.198746
125 0.138931
126 0.18855
127 0.0997365
128 0.239645
129 0.213868
130 0.243364
131 0.176411
132 0.249622
133 0.240099
134 0.17466
135 0.219073
136 0.192785
137 0.19753
138 0.175689
139 0.24574
140 0.165748
141 0.243531
142 0.240554
143 0.162763
144 0.254413
145 0.212678
146 0.241636
147 0.237701
148 0.127595
149 0.211952
150 0.212859
151 0.183285
152 0.142815
153 0.159321
154 0.224186
155 0.209731
156 0.158069
157 0.192831
158 0.135454
159 0.235736
160 0.217455
161 0.224938
162 0.179662
163 0.146253
164 0.1972
165 0.11144
166 0.060765
167 0.137334
168 0.118719
169 0.246089
170 0.235583
171 0.165549
172 0.213204
173 0.176888
174 0.231767
175 0.151
176 0.251416
177 0.242148
178 0.230607
179 0.0490828
180 0.187511
181 0.126454
182 0.230533
183 0.150022
184 0.242959
185 0.241373
186 0.165892
187 0.253944
188 0.252884
189 0.139419
190 0.247624
191 0.185632
192 0.229695
193 0.204623
194 0.136173
195 0.0897749
196 0.0949864
197 0.0887102
198 0.105494
199 0.117113
200 0.186397
201 0.162306
202 0.2198
203 0.168634
204 0.22479
205 0.128547
206 0.184511
207 0.158932
208 0.10483
209 0.0802086
210 0.18861
211 0.0985037
212 0.214861
213 0.116237
214 0.240847
215 0.226077
216 0.161069
217 0.21617
218 0.189658
219 0.177881
220 0.171526
221 0.153728
222 0.0962793
223 0.109819
224 0.11945
225 0.24925
226 0.239401
227 0.11315
228 0.220211
229 0.181294
230 0.22928
231 0.180786
232 0.149005
233 0.072798
234 0.154914
235 0.0982196
236 0.133792
237 0.235034
238 0.209604
239 0.239833
240 0.0692332
241 0.243726
242 0.239003
243 0.123339
244 0.222011
245 0.187905
246 0.248223
247 0.188751
248 0.241899
249 0.235113
250 0.133071
251 0.214477
252 0.184124
253 0.220435
254 0.141894
255 0.138723
256 0.129263
257 0.0820379
258 0.0643892
259 0.0533974
260 0.0632006
261 0.181376
262 0.168871
263 0.165373
264 0.130469
265 0.107036
266 0.120905
267 0.129239
268 0.0760899
269 0.230005
270 0.183069
271 0.25168
272 0.202298
273 0.226084
274 0.184329
275 0.182574
276 0.109409
277 0.244185
278 0.242331
279 0.165993
280 0.255742
281 0.253244
282 0.0695532
283 0.247109
284 0.245243
285 0.232513
286 0.155236
287 0.211329
288 0.183227
289 0.16489
290 0.14871
291 0.105193
292 0.0602414
293 0.14769
294 0.0882021
295 0.231241
296 0.1913
297 0.21683
298 0.208313
299 0.178918
300 0.196426
301 0.194564
302 0.121855
303 0.221945
304 0.15821
305 0.205358
306 0.115576
307 0.0660618
308 0.126879
309 0.0427182
310 0.133545
311 0.0830254
312 0.211829
313 0.187502
314 0.12473
315 0.149603
316 0.209098
317 0.116802
318 0.057699
319 0.164079
320 0.0630594
321 0.208464
322 0.150308
323 0.235113
324 0.226653
325 0.182216
326 0.212476
327 0.186862
328 0.243688
329 0.15947
330 0.24342
331 0.241001
332 0.150948
333 0.254772
334 0.253323
335 0.09868
336 0.245908
337 0.244899
338 0.234435
339 0.254192
340 0.249717
341 0.244163
342 0.23436
343 0.253467
344 0.247016
345 0.240995
346 0.220557
347 0.252787
348 0.245954
349 0.234832
350 0.190555
351 0.242288
352 0.0695587
353 0.240595
354 0.237177
355 0.105217
356 0.252388
357 0.249913
358 0.143791
359 0.246536
360 0.242867
361 0.254758
362 0.11455
363 0.246954
364 0.245618
365 0.239871
366 0.159702
367 0.209737
368 0.168785
369 0.237023
370 0.22427
371 0.237343
372 0.0908344
373 0.0842206
374 0.25161
375 0.246319
376 0.0770176
377 0.236295
378 0.208795
379 0.239927
380 0.197079
381 0.24864
382 0.238514
383 0.107471
384 0.238783
385 0.221661
386 0.248516
387 0.188234
388 0.242981
389 0.240065
390 0.199031
391 0.254689
392 0.25067
393 0.195382
394 0.241981
395 0.192568
396 0.239564
397 0.221554
398 0.179559
399 0.151549
400 0.193259
401 0.152165
402 0.23707
403 0.20487
404 0.198082
405 0.129649
406 0.119854
407 0.0597975
408 0.135336
409 0.0637342
410 0.246199
411 0.235239
412 0.11683
413 0.244246
414 0.241601
415 0.122834
416 0.254307
417 0.250028
418 0.223258
419 0.22654
420 0.158567
421 0.123591
422 0.195412
423 0.146661
424 0.244157
425 0.236805
426 0.132373
427 0.180343
428 0.177975
429 0.137653
430 0.225368
431 0.167011
432 0.243413
433 0.241204
434 0.0852673
435 0.225738
436 0.137099
437 0.248169
438 0.130172
439 0.246056
440 0.245614
441 0.242971
442 0.250802
443 0.0748778
444 0.242218
445 0.227511
446 0.25425
447 0.152403
448 0.216773
449 0.183344
450 0.178602
451 0.242288
452 0.191466
453 0.241581
454 0.206665
455 0.236481
456 0.174248
457 0.240742
458 0.206837
459 0.245475
460 0.169626
461 0.241347
462 0.201751
463 0.220977
464 0.182147
465 0.156643
466 0.131401
467 0.0966218
468 0.203312
469 0.157136
470 0.168235
471 0.142781
472 0.130505
473 0.0920174
474 0.0501084
475 0.0738437
476 0.237062
477 0.201806
478 0.2411
479 0.210064
480 0.163041
481 0.23874
482 0.175684
483 0.130199
484 0.159909
485 0.0811814
486 0.244795
487 0.241428
488 0.117966
489 0.255251
490 0.249913
491 0.227624
492 0.172494
493 0.253556
494 0.25126
495 0.1965
496 0.24536
497 0.152526
498 0.213349
499 0.20075
500 0.0795625
501 0.172975
502 0.0758839
503 0.24364
504 0.230736
505 0.102544
506 0.10497
507 0.0904224
508 0.189676
509 0.155208
510 0.207665
511 0.112729
512 0.172304
513 0.200802
514 0.15891
515 0.236294
516 0.203213
517 0.228427
518 0.112329
519 0.248975
520 0.207918
521 0.243547
522 0.240108
523 0.143239
524 0.227623
525 0.194111
526 0.242615
527 0.188692
528 0.2299
529 0.178778
530 0.244781
531 0.189095
532 0.123936
533 0.157057
534 0.141827
535 0.0944004
536 0.227088
537 0.189887
538 0.224107
539 0.119015
540 0.25264
541 0.235966
542 0.232897
543 0.112742
544 0.252466
545 0.250487
546 0.221654
547 0.245853
548 0.218395
549 0.22804
550 0.210026
551 0.127248
552 0.199011
553 0.184545
554 0.1328
555 0.155822
556 0.122469
557 0.211153
558 0.183167
559 0.202137
560 0.139126
561 0.104112
562 0.230325
563 0.178196
564 0.109419
565 0.162156
566 0.0678078
567 0.10745
568 0.199252
569 0.156295
570 0.213306
571 0.188817
572 0.19086
573 0.163078
574 0.11021
575 0.065822
576 0.147446
577 0.112175
578 0.0488711
579 0.143125
580 0.132552
581 0.0698947
582 0.142598
583 0.149188
584 0.0420274
585 0.187635
586 0.185247
587 0.0839292
588 0.192485
589 0.220493
590 0.132943
591 0.11027
592 0.0686789
593 0.134478
594 0.0664196
595 0.243439
596 0.241248
597 0.167264
598 0.253936
599 0.252687
600 0.139141
601 0.244226
602 0.237722
603 0.246632
604 0.0714038
605 0.173482
606 0.177184
607 0.103594
608 0.251873
609 0.237722
610 0.168719
611 0.14607
612 0.120702
613 0.0729372
614 0.162927
615 0.102858
616 0.172035
617 0.229295
618 0.220182
619 0.159838
620 0.218038
621 0.109697
622 0.186571
623 0.126795
624 0.223771
625 0.197421
626 0.224482
627 0.177063
628 0.246956
629 0.241613
630 0.111111
631 0.230075
632 0.206425
633 0.187352
634 0.18866
635 0.153718
636 0.208042
637 0.153889
638 0.242309
639 0.227927
640 0.107891
641 0.206086
642 0.186335
643 0.141512
644 0.157384
645 0.131012
646 0.0962021
647 0.15125
648 0.108931
649 0.0611671
650 0.0604746
651 0.151018
652 0.125218
653 0.043621
654 0.0920702
655 0.0553451
656 0.161646
657 0.115852
658 0.0824476
659 0.121068
660 0.189057
661 0.109882
662 0.0830238
663 0.123838
664 0.196556
665 0.113513
666 0.236626
667 0.209995
668 0.246296
669 0.0988613
670 0.234723
671 0.18631
672 0.253597
673 0.250019
674 0.0873889
675 0.235565
676 0.167506
677 0.244114
678 0.239995
679 0.118341
680 0.131339
681 0.205961
682 0.127393
683 0.233598
684 0.223325
685 0.11012
686 0.142886
687 0.252265
688 0.2487
689 0.105643
690 0.244835
691 0.23828
692 0.248928
693 0.0835598
694 0.243235
695 0.237412
696 0.231305
697 0.19276
698 0.17001
699 0.109829
700 0.147586
701 0.236941
702 0.174466
703 0.251303
704 0.248104
705 0.19115
706 0.244838
707 0.240688
708 0.198414
709 0.222192
710 0.144891
711 0.110314
712 0.225393
713 0.0905967
714 0.224987
715 0.136112
716 0.080072
717 0.132799
718 0.147885
719 0.0992982
720 0.223003
721 0.198486
722 0.10214
723 0.111108
724 0.162519
725 0.092282
726 0.184845
727 0.0690995
728 0.222194
729 0.213961
730 0.0892159
731 0.232204
732 0.133231
733 0.242741
734 0.236981
735 0.124367
736 0.253345
737 0.196837
738 0.246205
739 0.244982
740 0.1303
741 0.256627
742 0.255833
743 0.199462
744 0.237383
745 0.102213
746 0.0939411
747 0.190274
748 0.0772461
749 0.247772
750 0.24385
751 0.0696927
752 0.243085
753 0.239823
754 0.214781
755 0.249622
756 0.204175
757 0.245958
758 0.244255
759 0.0783698
760 0.150131
761 0.194861
762 0.193604
763 0.142752
764 0.141056
765 0.166625
766 0.165513
767 0.119918
768 0.104815
769 0.142507
770 0.214883
771 0.141494
772 0.100991
773 0.154414
774 0.199732
775 0.177031
776 0.140067
777 0.132837
778 0.174368
779 0.148334
780 0.102322
781 0.12531
782 0.0529816
783 0.141492
784 0.10257
785 0.0572505
786 0.0632939
787 0.0466419
788 0.185799
789 0.230362
790 0.116921
791 0.184506
792 0.191176
793 0.148453
794 0.217016
795 0.182736
796 0.239474
797 0.179494
798 0.242805
799 0.238776
800 0.126436
801 0.154071
802 0.156256
803 0.101572
804 0.0483796
805 0.101154
806 0.0389487
807 0.108438
808 0.0413178
809 0.199235
810 0.150939
811 0.212736
812 0.175268
813 0.232268
814 0.14886
815 0.238762
816 0.151816
817 0.254574
818 0.253037
819 0.115258
820 0.246757
821 0.240356
822 0.236796
823 0.197662
824 0.244799
825 0.238594
826 0.2378
827 0.122438
828 0.244957
829 0.242269
830 0.215
831 0.22915
832 0.0884409
833 0.251343
834 0.240065
835 0.188324
836 0.246063
837 0.244857
838 0.101544
839 0.256888
840 0.256579
841 0.203712
842 0.20032
843 0.15077
844 0.138355
845 0.0993
846 0.193032
847 0.126948
848 0.190684
849 0.0748752
850 0.0755716
851 0.156921
852 0.0557906
853 0.217369
854 0.194582
855 0.139943
856 0.155341
857 0.139145
858 0.0879077
859 0.0573064
860 0.1042
861 0.0450664
862 0.036844
863 0.228718
864 0.180068
865 0.238934
866 0.210749
867 0.245337
868 0.200513
869 0.240555
870 0.163712
871 0.208716
872 0.192703
873 0.0925812
874 0.216158
875 0.139879
876 0.237514
877 0.220342
878 0.221125
879 0.129382
880 0.105956
881 0.232798
882 0.209576
883 0.228487
884 0.179065
885 0.117218
886 0.102632
887 0.105615
888 0.251324
889 0.2404
890 0.131608
891 0.213451
892 0.130215
893 0.242164
894 0.237748
895 0.130572
896 0.255288
897 0.254713
898 0.248237
899 0.245979
900 0.124111
901 0.255406
902 0.254966
903 0.242552
904 0.239112
905 0.227507
906 0.25094
907 0.0885938
908 0.246942
909 0.245778
910 0.128049
911 0.0733787
912 0.229531
913 0.191415
914 0.246354
915 0.233905
916 0.167865
917 0.189072
918 0.182776
919 0.129553
920 0.0946536
921 0.123472
922 0.128073
923 0.0624565
924 0.0634866
925 0.0224742
926 0.0610863
927 0.15339
928 0.0341488
929 0.232834
930 0.221129
931 0.137891
932 0.24001
933 0.23316
934 0.185633
935 0.218805
936 0.201738
937 0.140251
938 0.168196
939 0.117777
940 0.175038
941 0.146459
942 0.127834
943 0.0564918
944 0.232179
945 0.163326
946 0.253486
947 0.249417
948 0.139341
949 0.0723586
950 0.14328
951 0.161707
952 0.0785589
953 0.212867
954 0.164296
955 0.248932
956 0.235527
957 0.233834
958 0.0897704
959 0.253422
960 0.251036
961 0.174846
962 0.246339
963 0.245284
964 0.131088
965 0.255565
966 0.254888
967 0.206974
968 0.245651
969 0.241922
970 0.152286
971 0.23427
972 0.218152
973 0.24898
974 0.142356
975 0.243461
976 0.241433
977 0.221353
978 0.253687
979 0.237281
980 0.242677
981 0.216923
982 0.252301
983 0.206736
984 0.240657
985 0.221505
986 0.211091
987 0.159172
988 0.144138
989 0.113473
990 0.0739056
991 0.0819104
992 0.116082
993 0.0719341
994 0.150253
995 0.12046
996 0.0799768
997 0.230363
998 0.204773
999 0.224945
1000 0.189681
1001 0.122519
1002 0.224139
1003 0.184238
1004 0.21793
1005 0.149815
1006 0.223594
1007 0.0898039
1008 0.112768
1009 0.0523974
1010 0.0443613
1011 0.076275
1012 0.232095
1013 0.120931
1014 0.245383
1015 0.244368
1016 0.239607
1017 0.249373
1018 0.157596
1019 0.194471
1020 0.190039
1021 0.138841
1022 0.19118
1023 0.156613
1024 0.0736355
1025 0.199448
1026 0.0909778
1027 0.21858
1028 0.146386
1029 0.238402
1030 0.230056
1031 0.185727
1032 0.205006
1033 0.150856
1034 0.241449
1035 0.206583
1036 0.212235
