36 16 66 65280 8 129 2594073385365405696 576460752303423488 4755801206503243776 71776119061217280 9295429630892703744 1152921504606846976
20
36 16 66 326400 8 129 2594073385365405696 576460752303423488 4755801206503243776 65020822699376640 9295429630892703744 1152921504606846976
-325
536870944 16 66 134542080 8 129 2594073385365405696 576460752303423488 4755801206503243776 65020754248335360 9295429630892703744 1152921504606846976
51
32 16 66 134542080 8 129 288230376151711744 8796093022208 4755801206503243776 65020754248335360 9295429630892703744 1152921504606846976
-230
32 16 66 202433280 8 129 288230376151711744 8796093022208 144150372447944704 65020754248335360 9295429630892703744 1152921504606846976
165
32 16 262208 202433280 8 129 288230376151711744 8796093022208 144150372447944704 63899252388003840 2377900603251621888 4611686018427387904
-400
32 16 266240 202433280 131072 129 17592186044416 8796093022208 144150372447944704 63899252388003840 2377900603251621888 4611686018427387904
272
32 16 537133056 202433280 131072 129 17592186044416 8796093022208 144150372447944704 45324377826263040 2377900603251621888 4611686018427387904
-131
4096 16 262144 202433280 131072 129 0 8796093022208 144150372447944704 36334770757566464 2377900603251621888 4611686018427387904
72
4096 64 262144 202433280 131072 33 0 8796093022208 2286984185774080 306523494416384 2377900603251621888 4611686018427387904
47
1073741824 64 262144 202433280 1024 33 0 8796093022208 2251799813685248 306523494416384 2377900603251621888 4611686018427387904
-919
0 64 4096 202433280 1024 33 0 8796093022208 2251799813685248 305974812344320 2377900603251621888 18014398509481984
67
0 64 4194304 202433280 1024 5 0 8796093022208 2251799813685248 305974812344320 9295429630892703744 18014398509481984
-77
0 64 4194304 135324416 1024 5 0 8796093022208 2251799813685248 288382626299904 9511602413006487552 18014398509481984
220
